"Meanlength","X1","X2","X3","X4","X5","X6","X7","X8","X9","X10","X11","X12","X13","X14","X15","X16","X17","X18","X19","X20","X21","X22","X23","X24","X25","X26","X27","X28","X29","X30","X31","X32","X33","X34","X35","X36","X37","X38","X39","X40","X41","X42","X43","X44","X45","X46","X47","X48","X49","X50","X51","X52","X53","X54","X55","X56","X57","X58","X59","X60","X61","X62","X63","X64","X65","X66","X67","X68","X69","X70","X71","X72","X73","X74","X75","X76","X77","X78","X79","X80","X81","X82","X83","X84","X85","X86","X87","X88","X89","X90","X91","X92","X93","X94","X95","X96","X97","X98","X99","X100"
9.5,0.00414159989879729,0.0195743859571378,0.0214903757910526,0.0265214075786301,0.0239111089228187,0.0205906899796578,0.0204201838447305,0.0171365809264787,0.0176411383580987,0.0187012455123818,0.0153977226858414,0.0181266326519604,0.0173914461700504,0.0202432319902647,0.0143949285439674,0.0173644081491017,0.0179929915636757,0.0181812437311756,0.0255773243025129,0.0165523465057016,0.0199065201187287,0.0176954493092593,0.039803843436344,0.0491683548828987,0.0748643778768551,0.0822371127440838,0.105847637207869,0.0947281483359282,0.094175241433047,0.126679547478806,0.164879414507412,0.163162463870434,0.16903767556961,0.143049279505175,0.152762898473605,0.139608921020504,0.139804042996275,0.212056094501501,0.125083104401681,0.157170457324261,0.157553424380309,0.136947290870635,0.108168529956868,0.13322043262394,0.0929796721417407,0.0975341838188991,0.0896175974367379,0.0982204025044636,0.0637473771565017,0.100022916234721,0.0599880559808482,0.0682825216626947,0.066437063845905,0.0589636396272002,0.0442908732843906,0.0828880691733321,0.0561275163335659,0.066371881113421,0.0491798918113566,0.0553630188425611,0.0481108736667763,0.0478793143437268,0.0805153118333233,0.039755987255163,0.0392339111650633,0.0911918634520745,0.0503132550851677,0.0402378572380985,0.0521107864083174,0.0490388161339125,0.050731837565301,0.032012898524835,0.067005164995016,0.0489811152185787,0.0575764352573095,0.0538117645691383,0.0607305302130765,0.0643119287056012,0.0489033277056186,0.0467830283256062,0.0448118950907213,0.0463361929634753,0.0416796105626172,0.0698222516080166,0.0570533230464358,0.0839678866334718,0.0752604399806816,0.0530482533688321,0.0763879133607052,0.100554317795802,0.0881780175865827,0.0479099201843341,0.0738559295538845,0.10134054657858,0.0625577850780737,0.0550388581514129,0.0655275396491892,0.0689452946421068,0.0785385587028027,0.0847876057381002
10.5,0.0108247300528061,0.0511607709853836,0.0561685151525765,0.0693179169099573,0.0624954862076176,0.0538170431903725,0.0533713982879106,0.0447891798073171,0.0461079209042082,0.048878679560904,0.0402443972317569,0.047376837458595,0.0454553106574525,0.0529089064722498,0.0376234352485692,0.0453846424893332,0.0470275452188822,0.0475195721999611,0.0668504051123292,0.0432621902267191,0.0520288564423058,0.0462498712131687,0.10403367558216,0.12850931566386,0.195669958685184,0.214939773886754,0.276649634803031,0.24758708209269,0.246141971962723,0.331097145590507,0.430938573720209,0.426451050151195,0.441806850373503,0.373882043830841,0.399270131946161,0.364890119745596,0.365400102063226,0.554242330288277,0.326924587695774,0.410789988020155,0.411790933331663,0.357933526019313,0.282715657138198,0.34819278923852,0.2430171614658,0.254921102124556,0.234229844489674,0.256714643801671,0.166613909154755,0.261425800123694,0.156788325345931,0.178467230631863,0.173643833109473,0.154110850273281,0.115761241747615,0.21664115204856,0.14669819096281,0.173473467670878,0.128539469261322,0.144700055177512,0.1257454203142,0.125140203194133,0.210439573355777,0.103908595841166,0.102544066944013,0.238344439106183,0.131501694437716,0.105168039682504,0.136199828446317,0.128170745540377,0.132595726324667,0.0836708019139769,0.175128655818591,0.128019935020879,0.150485171019112,0.140645605408489,0.15872889984164,0.168089454419682,0.127816624983732,0.122274885322586,0.117123015106455,0.121107010034941,0.10893629130555,0.182491559736462,0.149117934055522,0.219463426724516,0.196705129986814,0.1386500474508,0.199651960989013,0.262814702622464,0.230467273587566,0.125220196426388,0.193034218600409,0.264869636595151,0.163504721054359,0.143852809653764,0.171266646962448,0.180199493226933,0.205273014648564,0.221605892979961
11.5,0.0220339514216326,0.10413875792616,0.114332119901343,0.141097986406305,0.127210794214031,0.109545652365268,0.108638533380846,0.0911692584734119,0.0938535819738465,0.0994935158423937,0.0819182639448401,0.0964364866357706,0.0925251809509916,0.107697122172487,0.0765832441583158,0.0923813345016298,0.0957254953958747,0.0967270260156996,0.13607531749761,0.0880610410789731,0.105905762987196,0.0941425246261495,0.211762597571378,0.261583245471391,0.398290058348803,0.437514147077478,0.563125785523139,0.503968386540954,0.501026836382449,0.673954767111372,0.877183962347145,0.868049519655204,0.899306553732551,0.761044270942706,0.812722224803188,0.742741032200053,0.743779111261399,1.12817118965646,0.665461443258677,0.836171118944689,0.838208562858939,0.728580748527646,0.575473293572169,0.708753286781081,0.494666223013329,0.518896928898972,0.476779466074918,0.522547718340688,0.339145896717533,0.532137369910083,0.319145727172735,0.363273566261025,0.353455445515555,0.313695673878509,0.235634289698854,0.440977335866869,0.298607059718593,0.353108663306704,0.261644623713474,0.294539814936293,0.255957281999619,0.254725350620448,0.428353900179549,0.211507995292758,0.208730469822229,0.485154804532099,0.267674291457446,0.214071618060527,0.277237435851149,0.260894079310457,0.269901214931121,0.170313566785315,0.356477831411817,0.260587101524935,0.306315532279866,0.286286902501867,0.32309580481531,0.34214939819325,0.260173259936261,0.248892939605927,0.238406206216825,0.246515706434389,0.221741968526695,0.371465167489214,0.303532494486717,0.44672213160821,0.400397169940678,0.282224904938485,0.406395502539594,0.534964508327208,0.469120678828209,0.254888178421694,0.392924957445161,0.539147366939659,0.332817083044524,0.292815229970072,0.348616636249345,0.36679962092318,0.417837268077279,0.451083163907831
12.5,0.0349296376177639,0.165087460107294,0.18124663342517,0.223677607318753,0.201662736652925,0.173658817090958,0.17222079370624,0.144527375023167,0.148782737364892,0.157723523447551,0.129862103220412,0.152877324037788,0.146676870584509,0.170728408081526,0.121404686560959,0.146448835936858,0.151750214973973,0.153337905758262,0.215715349369756,0.139600028804259,0.167888630231964,0.149240787849988,0.335699696011065,0.414678592883876,0.631395029364685,0.693575578779643,0.892703230807271,0.79892311532474,0.794259980732814,1.06839646396118,1.39056846148887,1.37608795515733,1.42563861688094,1.20645634940473,1.28837956719861,1.17744087758679,1.17908650731237,1.78844956455758,1.05493230046785,1.32555226306358,1.32878215026037,1.15499308473397,0.912277295094788,1.12356131653067,0.784176727132102,0.822588801281325,0.755821489069704,0.828376267622597,0.53763589858261,0.843578400358113,0.505930342864276,0.57588463289215,0.560320316117356,0.497290567686324,0.373542638449293,0.699065648495262,0.47337112560919,0.559770574645404,0.414775893622746,0.466923467464269,0.405759953573142,0.403807016679483,0.679054165960344,0.33529608409604,0.330892971994029,0.769098614522029,0.424334510923032,0.339360103869582,0.439494622777978,0.413586082339615,0.427864773309904,0.26999202527783,0.565111596722332,0.41309944140083,0.485591092332336,0.453840419620994,0.512192260119922,0.542397242388978,0.412443393084895,0.394561103439652,0.377936858878787,0.390792560447711,0.351519636994515,0.588870486266091,0.481179241741806,0.708172668366247,0.634735358246962,0.447401079705145,0.644244301058974,0.848060162095523,0.743680286704319,0.404065141787539,0.62288992618274,0.854691098723432,0.527603055906397,0.464189544403516,0.552649524304487,0.581474361634521,0.662382524035465,0.715086057388045
13.5,0.0431243092684725,0.203817822673115,0.223768020705761,0.276153518109798,0.248973846179398,0.214400063847757,0.212624672821474,0.178434236463131,0.183687928576463,0.194726268806358,0.160328416882381,0.188743126226687,0.181088014677864,0.210782165895629,0.149886847014817,0.180806481935473,0.187351591611323,0.189311762774666,0.266323273718906,0.172350909617823,0.207276161637057,0.184253440048297,0.414456561803865,0.511964311861191,0.779523532847978,0.856291957210059,1.10213597494407,0.986354564682748,0.980597434863557,1.31904773926922,1.71680293533114,1.69892522814623,1.76010072856252,1.48949718001605,1.59064000374277,1.45367453009508,1.4557062329717,2.20802898034714,1.30242481415097,1.63653360419653,1.64052123945059,1.42596037021822,1.12630221483505,1.38715454842049,0.968148598392136,1.01557234161506,0.933141076442863,1.02271757716296,0.663768030405174,1.04148620799735,0.624624189140961,0.710990113426538,0.691774328324681,0.613957478513691,0.461177652105277,0.863070025362746,0.584426412976984,0.691095614691474,0.512084439851095,0.576466101251403,0.500953314149195,0.498542208270985,0.838363746666125,0.413958260469094,0.408522155745972,0.949533083438985,0.523885557662488,0.418975720069028,0.542602309302787,0.51061549275504,0.528244037662662,0.333333535420965,0.697689667867052,0.510014683362841,0.599513246398679,0.560313703464125,0.632355184214575,0.669646409822855,0.509204722756292,0.487127156492114,0.466602779124029,0.482474494038115,0.433987941861251,0.727022514424827,0.594066353092933,0.874313598677996,0.783647519971867,0.552363661466705,0.795387309405951,1.04701941396263,0.918151485900141,0.498860890849704,0.769023088955828,1.05520600224078,0.651381431518991,0.573090785856543,0.682303929516307,0.71789122112341,0.817780852269989,0.882848904126389
14.5,0.0414645162878768,0.19597316621063,0.2151555096569,0.265524764195807,0.23939119896138,0.20614811205884,0.204441053293716,0.171566557926284,0.176618042944827,0.187231533248038,0.154157605443415,0.181478673268231,0.174118196013381,0.202669461824005,0.144117916664883,0.173847499063552,0.180140696829821,0.182025423808831,0.256072871850764,0.165717369629924,0.199298398654508,0.177161788688993,0.398504721560784,0.492259537789274,0.749520787065423,0.823334504580043,1.05971633771613,0.948391188327039,0.94285564219984,1.26827947849361,1.65072564599094,1.63353602618409,1.69235696909215,1.43216856406961,1.52941854518142,1.39772467670493,1.39967818224389,2.12304510316278,1.25229634598645,1.57354576659792,1.5773799234748,1.37107719520059,1.08295245360005,1.33376495397769,0.930885943637926,0.976484414817071,0.897225811135235,0.983354640468973,0.638220548339975,1.00140089354839,0.600583297536364,0.683625120930274,0.665148923911559,0.590327133343936,0.443427583924323,0.829851694584588,0.561932676279777,0.664496332995291,0.492375042224673,0.554278745566428,0.481672337629558,0.479354031767858,0.806096325216208,0.39802559913164,0.392798722303742,0.912986913228494,0.503721951891313,0.402849943888329,0.52171832253261,0.490962632801226,0.507912680230462,0.320504004428492,0.67083659049599,0.490384947703161,0.576438839062625,0.538748030466291,0.608016737667676,0.64387267734205,0.489606161321825,0.46837832900436,0.44864390556399,0.463904740873247,0.417284366736602,0.699040457746192,0.571201588889217,0.840662518845256,0.753486047823686,0.531103974213954,0.76477398955454,1.00672113433052,0.882813148492039,0.479660448709952,0.739424490239301,1.01459263253558,0.626310691927667,0.551033341233211,0.65604302720727,0.690260614862939,0.786305636984497,0.848869312595472
15.5,0.0310497018570339,0.146749773723951,0.161114008453973,0.198831808544442,0.179262319216345,0.154369036247236,0.153090746508088,0.128473474410363,0.132256156997858,0.140203812947569,0.115437200684571,0.135895922655104,0.130384206982314,0.151764133011259,0.107919222152118,0.130181502107441,0.134894011304785,0.136305343596083,0.1917539871788,0.124093450983906,0.149239793751459,0.132663327869579,0.298410638802033,0.368616669214759,0.561260544135059,0.616534164255846,0.793542992535378,0.710179842372894,0.706034682311889,0.949720464727443,1.23610604305455,1.22323401130738,1.26728065416618,1.07244484934168,1.14526814958615,1.04665237593995,1.0481152113952,1.5897910643543,0.937751881863885,1.17831175388746,1.18118286968859,1.0266980528217,0.810942796876569,0.998757681889944,0.697071462553441,0.731216776716021,0.671865885056269,0.736361379313122,0.477916047721574,0.749874880202945,0.449732301212701,0.511916165607599,0.498080711579871,0.442052220293374,0.332050039615694,0.621414404632506,0.420789716708055,0.497592034629101,0.36870316192234,0.415058255498332,0.360688700004226,0.358952692635433,0.603625769856906,0.298051859539431,0.294137839030354,0.683668205805325,0.377200021253867,0.301664453626162,0.390676168884324,0.367645513228368,0.380338146985058,0.240001685113103,0.502339783372309,0.36721292769095,0.431652306455152,0.403428454486357,0.455298653373834,0.482148508053524,0.366629752313166,0.350733802630494,0.335956156126919,0.34738386417377,0.312473322655421,0.523459568377257,0.427730518116756,0.629509829351609,0.564229833912243,0.397704387528344,0.572682536528843,0.753858814054869,0.66107331063118,0.35918214556405,0.553700176032975,0.759753195427572,0.468997639311962,0.412628012824034,0.491261980695706,0.516884995024371,0.588805990822856,0.635655288697552
16.5,0.041203062027608,0.18950112993867,0.202928458875659,0.235591115965418,0.252185801257062,0.223137064914144,0.203907084538606,0.188601438454423,0.172527898893215,0.179971691637901,0.171429675523604,0.16497047887743,0.176947740172142,0.185323494430393,0.175629406526106,0.156055435279622,0.175334554455478,0.179656896149606,0.213041762150247,0.214756446678105,0.179180135804973,0.188185379247545,0.370647757844106,0.545950159536946,0.689944163157383,0.876052892914103,1.00626482142971,1.09277054513659,1.00537484547833,1.13353878975216,1.48932702553955,1.70139044856628,1.70660392648454,1.61869788120572,1.50167528798309,1.49431910546288,1.41372932708812,1.72587893566675,1.75161186330561,1.39407163997277,1.5727138723477,1.44033753105958,1.20444310520807,1.16025060249259,1.11812767320669,0.923092218299585,0.912807807498725,0.908133747807067,0.803364426078082,0.777827240855986,0.796556294525677,0.618972363021348,0.65520912297587,0.612676454245999,0.508604943511492,0.598982741294831,0.688150526446381,0.589997414962529,0.569552120768125,0.504753687750142,0.50607367366744,0.466323472834647,0.598068912228138,0.587579001542963,0.375811840429307,0.600237738799758,0.688171083525138,0.434058869776153,0.434077687327621,0.481163373284561,0.472433453227933,0.398715099057376,0.455818825442488,0.553956580013105,0.499158786876403,0.524702706485568,0.534384165758888,0.582286937364081,0.529557527393927,0.441588275607221,0.418859859666525,0.449879903527247,0.437932260477831,0.53527958528511,0.634754379088861,0.681965089320246,0.792420314770702,0.647253712084497,0.626722579182751,0.861179906387108,0.940428829351306,0.696072572004501,0.587296896433964,0.850644901527818,0.832751689068261,0.585858497220592,0.590224212419105,0.663048051926584,0.723851957140219,0.804113390327957
17.5,0.0689179980109494,0.311965273506977,0.329042038547169,0.367062853094503,0.435481766463947,0.390700329409825,0.341785079431475,0.332770132011852,0.285734013180914,0.295220660966595,0.304169634417986,0.261259157934953,0.299722319500694,0.294629783003321,0.324737077745523,0.245074995034184,0.289765753691159,0.299335553734255,0.316776576253791,0.407057282952487,0.281685390206473,0.326365183615228,0.595749301968258,0.967436764903437,1.10162995084093,1.52064619785878,1.6384413902321,1.97145669625385,1.74703854131961,1.77492403220961,2.34686739574005,2.9204812941198,2.87834336258529,2.89432625787512,2.49447518365445,2.60016050071647,2.38651872095061,2.52014476904395,3.41437275978627,2.16980628156548,2.63563248562088,2.48359516161232,2.13718940189508,1.78295637731246,2.05471215048606,1.49887864624151,1.54709182366032,1.45304636027416,1.50535214231963,1.09347377388056,1.52318967520905,0.977673193621201,1.09044169243956,1.04969562620324,0.915650976740113,0.786328080879723,1.27499391920906,0.919686951191917,1.02935230246196,0.80029887971745,0.87269309778056,0.770431633728817,0.806477564502605,1.16629238224505,0.614737053934527,0.71070582457633,1.33030744331407,0.758266716499176,0.645474293820202,0.798410352229047,0.75937770889011,0.743555522601033,0.561051171506656,0.990256927666787,0.764559062657088,0.867467575636177,0.82715328026938,0.919002124592652,0.926876314116491,0.715847586338216,0.674851957445485,0.741884496510434,0.754743248696648,0.743097502182046,1.12587159330981,0.994140264366875,1.36716971627304,1.19678414067377,0.921005804698288,1.3074713562873,1.6333609257495,1.37391390771641,0.841460699338256,1.27231328498286,1.59388695210033,1.01652054530158,0.92830769944069,1.08720358846948,1.15581863395587,1.30735130656875
18.5,0.124219580412921,0.558933344943609,0.586096739341186,0.643465353443679,0.794104629315617,0.715947003619067,0.616526939046178,0.611421640216503,0.513103921954859,0.528211392816544,0.55995314695576,0.461038986316741,0.542748074744864,0.520735103262709,0.60612334349599,0.431013299785894,0.519925530183332,0.53874659003637,0.544383241003975,0.765836864952001,0.495610760750306,0.596041508467455,1.05752682499397,1.78018647636253,1.95040061051889,2.77802134265337,2.92315021839413,3.64991233218195,3.19285110388916,3.11781888772726,4.13314187833753,5.31411433853443,5.20399407687711,5.34232805511142,4.48448939456888,4.75425220022414,4.31620643282482,4.29604621260586,6.47970640947944,3.80208827079445,4.75392112023933,4.52649965211354,3.9344867743877,3.10767484201117,3.82741437895427,2.67129994323259,2.80215076798166,2.57470775526567,2.82186578626006,1.83145800643174,2.87365188868868,1.72345295315722,1.96175241361654,1.9087325303703,1.6940215378348,1.27247391354481,2.3813688452229,1.61253989976517,1.90685983469851,1.41293509836851,1.59057593648931,1.3822222764887,1.32335650955414,2.2254307997389,1.09870468267171,1.08395224271911,2.51820739058029,1.38838129809041,1.1092790945545,1.43477282540603,1.34800535442726,1.39170042395185,0.875959477765456,1.82765264360273,1.33079193743931,1.55671141840008,1.44608230015665,1.61951037569057,1.69825002475989,1.27496265995053,1.19906952371514,1.33006747765617,1.37531035396627,1.23709774778506,2.07240300577644,1.69340683590032,2.49226137284754,2.23381455682123,1.57453186055855,2.2672792356003,2.98456531613617,2.61722279762259,1.42202034895597,2.19212710671607,3.00790147123188,1.85678546372789,1.63361525073469,1.94493112156415,2.04637393609975,2.33111280969275
19.5,0.197998910219753,0.890907800657849,0.934204698543927,1.02564698997136,1.26575738448235,1.14117859696883,0.982708697344515,0.974571142852207,0.817858320232872,0.841938765174378,0.892533306768678,0.734869789095177,0.865109405185002,0.830021987004415,0.966125960754544,0.687010561170357,0.828731573794782,0.8587312673028,0.867715766728455,1.22070018400124,0.789975221261788,0.950056092042786,1.68563730597807,2.83751547973399,3.10882707936207,4.42800721580419,4.65933434750573,5.81775161184247,5.08922214165066,4.96962507827268,6.58799188480703,8.47039447658237,8.2948690744776,8.51536552798121,7.1480197410514,7.5780062323921,6.8797863198539,6.84765208127513,10.3282816071035,6.06031135891927,7.57747850982236,7.21498169007945,6.27134700514387,4.95345604928121,6.10067972757002,4.25789940581,4.46646814042937,4.10393697984125,4.49789275256466,2.91923936774954,4.58043683950579,2.74708548689198,3.12692120457882,3.04241054154295,2.70017349330212,2.02825067777102,3.79576580936803,2.57029642008164,3.03942557169396,2.25213777697727,2.53528711818036,2.203183294586,2.10935462712835,3.54720947899727,1.75127245720201,1.7277579112344,4.01387862835161,2.21300042294133,1.7681274652615,2.28694586553089,2.14864347681558,2.21829091982807,1.39622933371448,2.913173836932,2.1212062741343,2.48130901219661,2.30497252178216,2.5814069602425,2.7069134597411,2.03221759727361,1.91124827651263,2.12005152665341,2.1921660852023,1.97186309181314,3.30329192318858,2.69919369355774,3.97252215927846,3.56057270853266,2.50971377829937,3.61391349351265,4.75722650253911,4.17170352700423,2.26661914705927,3.49412529611005,4.79442299976049,2.95960988684648,2.60388932476377,3.10010902662918,3.26180307406443,3.71566056159744
20.5,0.24578870501066,1.1059408072729,1.15968801452059,1.27320117662946,1.57126555921094,1.41661794614699,1.21989912901512,1.20979746240293,1.01525981728447,1.04515241301484,1.10795865192429,0.912240848258672,1.07391560972213,1.03035935445183,1.19931391797806,0.8528301290714,1.02875748204065,1.06599801942476,1.07715105292656,1.51533317581869,0.980646744009572,1.17936536262505,2.092489348018,3.52238936283771,3.85918579597437,5.49676843242439,5.78392958938048,7.22194699537181,6.31757679029437,6.16911330987357,8.17809548643623,10.5148421626056,10.2969512599137,10.5706676036347,8.87329386608099,9.40706358613354,8.54031857261325,8.50042828797475,12.8211562294858,7.52305191587643,9.40640849037125,8.95641801418022,7.78502395470766,6.14904166052619,7.5731637525681,5.28560273315731,5.54451243690726,5.09447933122971,5.58352181687618,3.62383844950937,5.68598906890817,3.41013283167756,3.88164719033452,3.77673870167605,3.35189797502546,2.5177972291516,4.71192675642935,3.1906732612025,3.77303326777812,2.79572259814188,3.14721397666355,2.73495226956753,2.61847674633512,4.40337789372992,2.17396645718293,2.14477634802588,4.98268414223869,2.74713889858838,2.19488965620099,2.83893210368913,2.66724850712545,2.75370633058693,1.73322873065663,3.61630891834585,2.63318895342052,3.0802075029716,2.86130974450925,3.20446548498331,3.36026472624148,2.52272161992902,2.37255466869247,2.63175549155132,2.7212759032469,2.44779971393356,4.10058743844386,3.35068168696572,4.93134571332501,4.41996652484218,3.1154681550064,4.48618185122924,5.90544937951294,5.17860227843051,2.81369924859559,4.33748110392478,5.95162376942663,3.67395295568737,3.2323742813253,3.84836351978581,4.04908467771002,4.61248699137084
21.5,0.237622424326399,1.06919614460836,1.12115761161888,1.23089932156482,1.51906057450477,1.36955109752961,1.17936822384765,1.16960218309316,0.981528012419649,1.01042743262104,1.07114694677381,0.881931828085406,1.03823497785656,0.996125870477274,1.15946695234014,0.824495018189515,0.994577219957352,1.0305804479171,1.04136292410606,1.46498653339111,0.948064951598313,1.1401811837586,2.0229668069232,3.40535867904391,3.73096511788717,5.31413939797133,5.5917596827819,6.98199924737213,6.10767656191861,5.96414575101338,7.90637989559151,10.1654886296724,9.95483710874887,10.2194592815616,8.57848044777842,9.09451577537986,8.25656819200099,8.2180032541107,12.3951758718359,7.27310001696938,9.09388244504358,8.65884281264197,7.52636808707906,5.94474097821088,7.32154689788528,5.10998963693066,5.36029711743113,4.92521627189919,5.39801041853373,3.50343714005201,5.4970732165612,3.29683184873415,3.75268023690119,3.65125731184708,3.24053183357531,2.43414391856348,4.55537393006975,3.0846637787016,3.6476749902511,2.70283527262068,3.04264842022046,2.64408402608833,2.53147837887614,4.2570765417719,2.10173685539242,2.0735165817881,4.81713545575704,2.65586575679143,2.1219648852977,2.74460915096728,2.57862970764514,2.66221498717216,1.67564255189404,3.49615777605911,2.54570177581651,2.97786822324781,2.76624329913593,3.09799775859911,3.24862060115151,2.43890469743984,2.29372701319683,2.54431594043191,2.63086205430999,2.36647205682267,3.96434623895003,3.23935595644369,4.76750273590098,4.27311401892521,3.01195734715395,4.33712935430434,5.7092420021328,5.00654425096344,2.72021465244976,4.19336915966032,5.75388225715432,3.55188660176108,3.124979290751,3.72050240966572,3.91455464716574,4.45923803136511
22.5,0.320036200020398,1.43270052410721,1.46956221407222,1.58258379984267,1.86373987599697,1.9197271064036,1.68907971946475,1.57048127982353,1.42316294565474,1.33491017131771,1.39753182064199,1.29058417330306,1.29758950328115,1.35731226753862,1.45566464727469,1.29900034447458,1.23112145530967,1.35771687376282,1.38689495741236,1.7121589716929,1.570749526573,1.4130312086219,2.83474942842905,4.2759071575736,5.32195272162272,6.53331562110024,7.60741003856651,8.66731831559943,8.69242943787145,7.95057003390498,9.22855565384748,11.8742181677065,12.7788812393839,12.7398864117258,11.5153608076502,10.9949292536017,10.5162800868181,10.0072357616025,13.0548962424637,10.9754623957784,10.0091643378374,10.2656459986464,9.23376450909376,7.57639955735571,7.9614873074478,6.86351899225808,6.14094066924646,5.9164703513411,6.0932194032147,4.86151272317288,5.58211071400959,4.74676285383159,4.18360300850001,4.29502383512179,3.94399751660484,3.16765113837599,4.4325909375857,4.19908732725576,4.01714021300569,3.53767646017127,3.40430786117673,3.24420316325753,2.96455913614274,4.23113367465516,3.32859666558607,2.43367723667131,4.49797093487133,4.04703788802054,2.73954279967227,2.98915095351741,3.14810744152689,3.15019669872469,2.45664620589757,3.39179968188786,3.51554768232776,3.41571673232204,3.46514344128838,3.62363396984024,3.8966947439959,3.35823414715195,2.86529867009203,3.15781025678251,3.35867536104772,3.20647708412283,4.26638086244308,4.58582005499049,5.34379373591443,5.79909893949366,4.58181404883546,4.89661072749551,6.64733432044197,6.86130064618146,4.75933077966759,4.63038154365811,6.60309410804267,5.79022632693177,4.276342181394,4.49354190147684,4.96214457067468,5.47733628624697
23.5,0.443449685749232,1.97776524641455,1.99528135813248,2.11664434190863,2.39785641170664,2.7361945565211,2.44243794405911,2.17126254344932,2.07452424386052,1.82337854394494,1.89073770270811,1.8924006689435,1.69590266935539,1.89663535534016,1.90966305059263,1.99097256012806,1.59603273733174,1.85058667421521,1.90586668860661,2.10802618683797,2.47423223016526,1.83370954325363,4.03951928423643,5.61016210839184,7.67514818540079,8.42053925084633,10.6182965069829,11.2636598943425,12.517064161921,10.9333087944222,11.3485196403078,14.6121861457522,17.0698307830562,16.61516394023,15.9170815845804,13.9644109682513,13.9597169524618,12.7912116819931,14.4016884320474,16.4033519249296,11.6005481558836,12.8095031398928,11.8796074345332,10.0622016798563,9.1070873290609,9.4912539196998,7.41629041314926,7.47155782034152,7.25034666919564,6.88111166335822,5.88907219420449,6.88778999600131,4.91475511492532,5.32044905608336,5.03888725305082,4.27698607904554,4.41663054432291,5.86352504727937,4.65872960309084,4.79795445986203,4.0142855075455,4.17412494262214,3.65696384285521,4.34043851331826,5.1167017490587,3.00841312687973,4.2162497423658,6.08394710230472,3.67603030802064,3.42510243000999,4.03292712494465,3.92387229830851,3.60648133662105,3.36538732134233,4.95930634737428,4.1300578453692,4.53742548010948,4.46488766386227,4.9143752661814,4.727674037025,3.74330357380124,4.10303008962685,4.46677315661299,4.46247474074733,4.82447368188776,6.58014417295561,6.31300566678791,8.07990571386528,6.88085933240921,5.82758894736821,8.15486946865659,9.6271016577486,7.7048336293215,5.38512419812523,7.98782330133346,9.04286204080394,5.99383225958393,5.70217212612823,6.56147336438814,7.05403855295896
24.5,0.680384656489844,3.02861929870378,3.0289608512924,3.1873047371285,3.53309337216527,4.2583678905621,3.82808195961787,3.32754589786996,3.26402447086193,2.7768121543803,2.8648146845814,2.98584207369245,2.52132595539287,2.92258675793213,2.84513006958912,3.205793746031,2.36195226493927,2.81508409386855,2.91164102140584,3.02531865366125,4.03163178008571,2.71524930051729,6.28608451331814,8.35891260580721,12.0138936430625,12.4198190758825,16.3527547334198,16.6920425062817,19.5785957021771,16.7092008280665,16.2744990722673,20.9639340009239,25.686698576687,24.6723541739271,24.3908373632878,20.4211705333048,20.9346174073597,18.7755961747766,19.1811114093636,26.1128347541809,16.0052880873208,18.5350339499897,17.5035284645172,15.0938517112533,12.4514253878538,14.5474053897686,10.514869339812,10.8892687353453,10.1813423434863,10.6722355973414,7.57640998433678,10.8134706360355,6.8432673912757,7.66441113342318,7.39435223527266,6.47348162864603,5.41240226646719,9.03211683056881,6.43038897536652,7.27932783813433,5.60346688440669,6.15047516824245,5.25446788364019,5.45595842057156,8.2494360978916,4.32822153004224,4.87490951254007,9.71115021723146,5.54530121250841,4.68846872752698,5.92747463452588,5.67164229959054,5.69351870939026,4.10853437285808,7.67869985434764,5.86012968633886,6.75307917404408,6.41080833721268,7.15669222664492,7.31251062410615,5.56394052058934,6.07982886240799,6.70545406238963,6.86219378225127,6.54268731792036,10.2745320624249,8.82309684826731,12.432208201331,10.9780587964133,8.18443157626115,11.6772510924399,14.8656704696107,12.699262109824,7.44739123996585,11.337347558296,14.680722861869,9.2504377644549,8.33440954982664,9.81886051942701,10.3996418710812
25.5,0.92024583209658,4.09295980337463,4.07821354307144,4.27640913098929,4.694994747855,5.79412247128933,5.22385145329857,4.49844070895462,4.46119029436233,3.74382273387267,3.85405321632116,4.08565444888755,3.36393499312616,3.96011898185064,3.79950305289613,4.42253168571734,3.14485491397563,3.79359606608582,3.93092246087331,3.9720498448836,5.58786893407788,3.61618524797042,8.55274922582607,11.1631631342979,16.3856105097951,16.5117946034143,22.1527405989159,22.2385660565145,26.6949641192646,22.5621248596945,21.3598711882166,27.5202352874354,34.453613119536,32.9001221778056,32.9719088832198,27.0446955849965,28.0375734632584,24.9075293679298,24.2721512374066,35.8603416924076,20.6198103294814,24.4281903964806,23.2595772068398,20.2174982727393,15.9688961619076,19.6673030137731,13.7265684408555,14.3989499927702,13.230226095497,14.5002563055999,9.41101119532692,14.7663610090693,8.85602344133591,10.0805335760741,9.80808904660466,8.70478908154116,6.53865183044151,12.2367473258419,8.28609282675732,9.79846613421968,7.26041655463527,8.1732302311876,6.90258088482345,6.68953303683997,11.3863012463806,5.68924630635937,5.67981513226283,13.3505256144443,7.44587418701779,6.01653374729507,7.86796779663458,7.47121368915637,7.79246077795813,4.95226282211996,10.4256450681489,7.65286239767289,9.01417771089473,8.41885436781377,9.45992288466461,9.92417246274553,7.42260674211787,8.09970804514031,8.98459850432366,9.290213885239,8.35658848980974,13.9990709184667,11.4389538731166,16.8352118813765,15.089405058997,10.6359540677689,15.3154587802984,20.1607223136277,17.6793256192077,9.60573964477487,14.8078065625629,20.3183579130929,12.5425756065077,11.0350620438112,13.1379990409292,13.8232446958015
26.5,1.04277514108143,4.63793106965866,4.62122136760757,4.84580639146136,5.32012603568875,6.56560091522123,5.91939919335615,5.09740113056475,5.0551908808934,4.24230693944422,4.36721444011154,4.62965301852251,3.81183773367826,4.48740269824461,4.30540100681192,5.01138493830962,3.56358748089108,4.29870751384554,4.45431870566422,4.50092213723417,6.3318850385905,4.09767471974074,9.69153455471328,12.6495210369622,18.5673292017298,18.7103145122161,25.1023437408522,25.1995967253638,30.2493572964191,25.5662368826634,24.2039049946343,31.1845120439924,39.041058408965,37.2807225514899,37.3620675456808,30.6456549658019,31.7707329976387,28.2239283729861,27.5039506272713,40.6350907151994,23.3653061773832,27.6807661589938,26.3565539309188,22.9094268926357,18.0951299830504,22.2859739860534,15.5542397946713,16.3161479100941,14.9918102338368,16.430943001763,10.6640727777792,16.7324791348531,10.0351892628733,11.4227410278165,11.1140209307017,9.86381828202134,7.40926320680735,13.8660513028474,9.38937326860816,11.1031167424187,8.22712978750572,9.26148319302922,7.82164885180632,7.58023401243462,12.902369643489,6.44676065116726,6.43607373082915,15.1281274476366,8.43728081674941,6.81762590857175,8.91557553753605,8.46599423439922,8.83001487612715,5.61164895606558,11.8138035811967,8.6718291874563,10.2144015287698,9.53981180348304,10.7194969828891,11.2455606741285,8.41091534755424,9.17817164164365,10.1808838966008,10.5271914927185,9.46925532014392,15.8630255556333,12.9620328860248,19.076794300434,17.0985360003011,12.0521148987821,17.3546884249038,22.845091302397,20.0333004766698,10.8847290190393,16.7794430996809,23.0237158380793,14.2126001459878,12.504363484441,14.8873032896223,15.6637883434116
27.5,1.13855500575487,5.0560937731458,5.0138553333384,5.20867995793078,5.67257265906092,6.86738815241211,6.54837536325571,5.69260189319667,5.48952414578834,4.76364122080168,4.70988302492926,4.9666827082244,4.29790679510123,4.7291072716245,4.70477771764948,5.29108989525692,4.15583612628201,4.51250312190786,4.79813034595826,4.87065024786329,6.49587096840821,4.89356004382039,10.1618630268021,13.885917751013,19.399433288387,20.4692770111152,25.8065897360389,26.7879413253814,30.9661838702047,27.3814199961407,25.2018938275943,30.9598222495768,38.6523577218149,37.8879339668403,37.4967135795849,31.3568950019607,31.4038126938819,28.2311713064757,27.0858473389204,38.4746515444392,24.3042305987832,26.396281651298,25.5911654766693,22.4375463604796,17.8985880896736,21.1914802192444,15.6037460893768,15.7091045904813,14.604557241444,15.763036702788,10.7950116866826,15.6646102430125,10.2654227278985,10.9258111033087,10.7702419305523,9.64093805530229,7.36949454881109,12.8608395594833,9.45404903074661,10.5893457091705,8.19564705390959,8.86621247007265,7.66509432652933,7.35551279235244,12.0537506081335,6.86400032820261,6.28671817954029,13.9769163410733,8.96777801876068,6.89372634803443,8.60029598644811,8.46036542748227,8.76220341555856,5.99597667900739,11.1096606923616,9.1365793027045,10.1350939380968,9.77569853396787,10.7595813719692,11.4176449312944,9.01823229548516,9.50446881429779,10.5175036545965,10.990588422649,10.1148020738615,15.5805918156829,14.0883392324849,19.0000838999864,18.2755424919851,13.4916899289359,17.3283595759425,23.0592398296012,21.4948304368564,12.9516292921547,16.6257347757273,23.1208000279807,16.3879136503591,13.4087992992469,15.2264327654864,16.3096684387169
28.5,1.09722162765175,4.86341094757049,4.79474939437875,4.92379083646666,5.30793203217574,6.2670552246909,6.41000405400764,5.63391490591455,5.25529230020408,4.74412537031013,4.47077901557514,4.68359967174363,4.30027825763017,4.35880468997692,4.53854773972255,4.88858497369339,4.31364801576838,4.13774005855151,4.54783259177006,4.64292882684118,5.77347858525805,5.20469912102292,9.30376775309466,13.468646645222,17.6776179239859,19.7732485895834,23.0038219290707,24.9692457506258,27.4399301984705,25.7662419814499,22.8594836242172,26.2367123845625,32.61807806973,33.2301826441714,32.2938502447661,27.7675362688342,26.4361273675716,24.1941985590212,22.6719140080646,30.2118905196802,22.0153366113268,20.9789958546864,20.9496495754281,18.6214095080072,15.083267380998,16.7618645087351,13.4303447841624,12.6853608642542,12.0187314249539,12.6541352465118,9.41441051452244,12.0609955772461,9.08704349588461,8.72770803319914,8.78926942306551,7.97562487485788,6.26268120270529,9.73878127740125,8.18134124020667,8.41804126075169,6.9809678321248,7.09262573164342,6.36734325703559,6.01541243788965,9.24657943811672,6.41102797299895,5.1956789544793,10.5091622908924,8.35736784284017,6.00250678708121,6.96658358940278,7.24063643755802,7.42010713799984,5.62554284127278,8.6215977618895,8.4183345482704,8.58160532544426,8.6747001394795,9.26847588627685,10.0001496937039,8.49831854336793,8.55736134512212,9.43833667817079,10.004899328227,9.48635900604114,12.9882252283173,13.5020028392917,16.1793389989986,17.1535811159601,13.3893980491076,14.8113057101859,20.0267446869354,20.2734317652581,13.7248044740243,14.0473352506597,19.9305562453015,16.8065088873497,12.6376000498699,13.4755589230178,14.7937802319089
29.5,1.10906448275209,4.90510916395714,4.80265032636624,4.86366455125135,5.17756551494057,5.91964318895091,6.59667126839743,5.86969069740644,5.27069738940176,4.97673752658273,4.43848896261398,4.61262854180013,4.53398768799752,4.17100014972323,4.59293731748409,4.69254555462148,4.72519830835103,3.93297745059088,4.50692664065088,4.63285684444599,5.26046664351501,5.83883053493613,8.82576790231847,13.7166947072009,16.6652544489537,20.0423334524885,21.0458440848873,24.2381881946743,24.8958520423366,25.3099043767132,21.4183244601271,22.2641940035634,27.4942975566645,29.7078226870238,28.1000422125485,25.1691493025529,22.1956303463318,20.893803798259,18.8602010335145,22.4195217996656,20.5898117475983,15.9330317440272,16.7860902400837,15.273289473334,12.6855004029587,12.6147989619865,11.6752443282688,9.92128472440438,9.71784716028148,9.79134540057895,8.34696459271339,8.60262254784875,8.23244137343593,6.69183866866831,7.00412496148817,6.50646246048547,5.33790535286641,6.70438911637746,7.17059923613011,6.39607360247644,5.97186573524913,5.45265285398739,5.23061833297639,4.81152555629644,6.5445570141502,6.23926577257997,4.23155911683139,7.12223781053993,8.11076265386014,5.30942133404938,5.47922510632204,6.23972935528841,6.28940489090298,5.50563679822599,6.24962218680269,8.05212812543474,7.27241850971368,7.88612190382621,8.06727203891818,8.92212878641397,8.36240477824363,7.93783678290746,8.71565698724707,9.41917190036733,9.27985395054067,10.7319681839352,13.5591947381455,13.8342712193408,16.7965938410697,13.9921042968167,12.7388009646054,17.6470691023907,19.9707324293632,15.3431135127142,11.8638879807291,17.3659606682322,18.1863244504627,12.4377078054571,12.2043527103141,13.8611512490487
30.5,1.21908116570673,5.38305498047546,5.23906531427861,5.24411748567397,5.51356592833885,6.13465071465468,7.2270006026859,6.61285269721258,5.80408745327823,5.59507396025657,4.86153477778262,4.95236318085707,5.09211263348738,4.45087219744765,4.98745673935233,4.96514283496971,5.4049473231119,4.22505163772858,4.81594806559108,5.01915378934919,5.32118939371495,6.7055927797734,9.54640147517356,14.9226509515849,17.3842615241497,21.6785225614015,21.3679249315201,25.2585343811065,24.8402857721024,26.538415684205,21.9557260058483,20.766083163134,25.1466703427612,28.6078099097988,26.6022087186302,24.5858412509532,20.3435498870537,19.4814594854931,17.022420840431,17.7930806535699,20.2845205182348,13.1428244211231,14.4211065303931,13.4884256577287,11.5006908799697,10.1861106382163,10.8367756821613,8.39671683741306,8.44418987946404,8.13802452365687,7.89706565171168,6.51866127380921,7.8854227314457,5.56160229222046,5.98702727626842,5.71287898320113,4.89775809101788,4.81714158736442,6.66588139994391,5.24242956101123,5.46732462945337,4.52004486158415,4.61220094218532,4.1515303163345,4.87072726408176,6.31305804384443,3.79679361671115,4.98846285161526,8.17097881445904,5.15729134593789,4.68681170706684,5.77816002190453,5.7900760500486,5.69569240544454,4.91778303886765,8.07310599690785,6.80157098932728,7.71862670224866,7.67986131009776,8.63131058111265,8.76864208330248,8.09937977269948,8.76462124845812,9.61126715044086,9.77946677395936,9.85602339327231,14.2796256882329,13.2037649992399,17.4520487495302,15.55473043983,12.3369955860018,16.8756166520284,20.9267967531707,17.8101154690908,11.5104414167944,16.4063116024106,20.2475980387106,13.6073900463804,12.2097739887862,14.0472320713308
31.5,1.20739021295204,5.32590623215321,5.15896089144857,5.11864827786118,5.32323481702096,5.80273271138325,7.04075003829174,6.67055692065595,5.79269582431546,5.60369645731594,4.8444607828935,4.81162941993991,5.07705092089176,4.36883971833268,4.84420712954314,4.79919923245917,5.41869499611029,4.20897285662758,4.62445942458824,4.90245016378344,4.97392786049201,6.67520806559625,9.6204485242854,14.4766495678253,16.643296407456,20.9039831363752,20.0309542866389,23.6273098094817,22.766134926331,24.8646706774026,20.5241321374252,17.9315602807056,21.0558136366607,24.9294224555904,23.0404202334928,21.7210464581501,17.1778436838654,16.5143411416767,14.0836523093417,12.9262875891429,17.7103231983694,10.0842632932955,11.2540879624064,10.8479687303805,9.48507656338326,7.54275235771318,9.04330276961409,6.54674355964208,6.67698296719569,6.1843106552972,6.70760474968595,4.51651607543522,6.71865266578331,4.28109540533368,4.65368365660972,4.56828920538706,4.07817195990245,3.10023309479465,5.53292462314244,3.96202024635768,4.51458139994442,3.44611359762534,3.69036493527391,3.27771088579713,3.2650785960615,5.6000454154241,3.1797367005708,3.08595823115217,7.20705525337765,4.61042306737878,3.71180766074528,4.84334358921052,4.88172394292959,5.23084456719737,3.63718824512988,7.14271229174577,5.91135378442398,6.82600939015974,6.71889950035773,7.59958821802072,8.20580077223334,7.57211929941225,8.02370014772756,8.88228317159336,9.26640349683291,8.49776612930057,13.2660113470853,11.8047017606597,16.1405628631359,15.3523962979305,11.2549349502417,14.7144104661159,19.5463992404839,18.0461078902482,10.7098538494047,14.1355070658742,19.6148207583264,13.6120944760052,11.258440355125,12.8795453843348
32.5,1.18502585613196,5.22644534321949,5.04830837297193,4.98796366027533,5.14465927839712,5.5676009251809,6.63731239448016,6.61036145318824,5.78641831514376,5.46484557314067,4.86133141472624,4.66398733084676,4.89822735672705,4.39899685540554,4.59861178306161,4.70600192301468,5.15273757553487,4.35439444898527,4.37409905193797,4.74702276247347,4.83585680310935,6.17806876061899,10.1336428791212,13.6504718291525,16.310961951089,19.5737416897522,19.4900194708879,21.7190070924232,21.52316671469,22.6884740355716,19.4490138205331,16.5526910550367,18.5888351121877,21.9204014055342,20.7105179410901,19.2779495392277,15.4791779671875,14.4176328956206,12.4055999660356,11.21728687291,14.8249469035156,9.12981407280876,9.47195406252101,9.27546818883028,8.17080344985899,6.55254739208134,7.59209377183573,5.75495143546606,5.66731133793024,5.30293435241072,5.67544896918312,4.00002064169396,5.5621854995433,3.82414344007981,3.92727123393051,3.89948225512127,3.50694585991797,2.70584549665944,4.54188192567006,3.49350749486016,3.80013897261146,3.01163677252015,3.11682679056679,2.82807485658243,2.79576926937774,4.63607099977947,2.95127556987102,2.66595672279115,5.91321913927395,4.29390971365906,3.31851958284227,4.15209979795418,4.32950768956689,4.61463820605768,3.4299508700352,5.99089016527116,5.52565725501505,6.04922245565164,6.14466734852078,6.82567189498584,7.46020165717178,7.2428478327648,7.43948794873068,8.21731549018213,8.65591513104834,8.10153282392103,11.6904645308844,11.4245305884641,14.4216012719736,14.64450926569,11.1637349773098,13.1796752285999,17.6924614018369,17.2718760075831,11.1400862892069,12.5659034246245,17.6670076699245,13.8238834962556,10.7699530768229,11.8048238525585
33.5,1.14954934338312,5.06877171723539,4.87525628564485,4.78271594315678,4.86551789172774,5.19422657685614,6.01027041522863,6.41711779445612,5.77637788925642,5.28269360698627,4.85625706965959,4.47422104218822,4.61257107635289,4.39863278525613,4.27376821603794,4.51017850545379,4.76145933107857,4.48985368833001,4.07846080554117,4.46143989322065,4.60540084992524,5.44741290583761,10.5863493714148,12.742885517536,15.5861012841413,17.6355948996422,18.3908432328725,18.9277447542966,19.3501017092961,19.3793290380151,17.5148718820886,14.4275439743167,14.883694144535,17.2841338937767,16.9734017966697,15.5091844531787,12.7622278392569,11.2537844426565,9.79478611343477,8.62452720609793,10.5819509653644,7.50787009082438,6.87153152985005,6.88897583260542,6.16867344120972,5.03189402353149,5.45313427476867,4.50005567985411,4.16957316091612,3.96442753585279,4.13699078038422,3.173354001187,3.88393342722688,3.06905803357036,2.86067394624452,2.88753444034107,2.63813589426684,2.09559917306413,3.10810089626284,2.73795175619458,2.74910848629671,2.33093745194006,2.26834112754054,2.13828763698373,2.08860109136714,3.22769397673125,2.52062543518647,2.04856955579167,4.03908185294517,3.68082986415305,2.7241691472871,3.12419907698785,3.45072731880545,3.66357692773151,3.04130297792832,4.33658720235116,4.78321333528769,4.8904227906652,5.19404053604413,5.62974425444773,6.26111455420461,6.61053570711035,6.54964507704678,7.15158766969978,7.64863866384147,7.41030092387633,9.3892441401139,10.5251982572302,11.9286593294262,13.2535783193896,10.8898761871744,11.0166087248403,14.7297208350944,15.760677523948,11.5896199463814,10.4814851879301,14.5622867060762,13.6787524978543,10.1602472629933,10.19169202339
34.5,1.09933154427251,4.8463216109323,4.64411283725367,4.524933705993,4.54339077252979,4.7820757615187,5.37187988197193,6.08364812956125,5.67006338881235,5.05765490489825,4.75117915019807,4.25993496724354,4.28547017746092,4.29577920045744,3.95748028124926,4.23584764803644,4.35923957930881,4.47583430433288,3.81238166137427,4.11524225201731,4.32081572766319,4.75495113990102,10.5888314781197,11.9758417187009,14.5776033555675,15.7556793382689,16.9845064362766,16.3226673079989,17.0183860457141,16.2624667861077,15.4055850910337,12.3750271009736,11.5371620799512,13.0467622362784,13.4176065389796,12.0373399972367,10.1744199927939,8.41156261904495,7.39229954566805,6.29684177887656,6.9148064728859,5.90946425956731,4.63030925365621,4.76368923592306,4.37449075393492,3.65587857684315,3.59934890851346,3.3350695312021,2.85955233981629,2.77017597302026,2.78919990421356,2.39764477440257,2.45267867699567,2.34385766606745,1.9364604146743,1.988789456829,1.86106011469478,1.539331250491,1.89170956537167,2.02840899631868,1.83829046723653,1.70549855060047,1.52922219152203,1.5169798917427,1.46114541664427,2.02106321541817,2.06411319272802,1.50652734065826,2.44802593233065,3.0212560820561,2.1793847376055,2.21911734538049,2.62774991287177,2.79137464986514,2.61735519095023,2.92820335254387,3.98119330644189,3.84466467042656,4.25759350791409,4.51482832195963,5.10460920616365,5.88537676771771,5.68799700796242,6.09903998820734,6.62205610928033,6.64820300792545,7.34859677145308,9.3928763371294,9.69962481008334,11.6648805599088,10.3924478801979,9.1114765572332,11.8955659521648,14.0164032964882,11.6476894997873,8.73220868728491,11.6117395840962,13.0397193656132,9.55607658018771,8.67262025843798
35.5,1.07257457397398,4.72763251286237,4.5193370889579,4.376143601657,4.34344743573326,4.50197065030032,4.92864408720612,5.72316312252592,5.61385509306696,5.0065537358779,4.69403124289869,4.20175226830639,4.08772298819519,4.18533794811167,3.83545080973893,4.01170101644476,4.11004044732938,4.37737622757708,3.77229907904931,3.86194626244959,4.10200626351694,4.33013262491599,10.1674212758693,11.9591767872912,13.8131373520615,14.5869961615348,15.6898372723188,14.6558554220268,15.0177618383962,14.0245885120334,13.4805078393859,10.8471861323781,9.2375934973964,9.9229447728506,10.5469264910313,9.4336197595244,8.10354412127227,6.39330819918232,5.57487268248859,4.62274070710664,4.49714102932727,4.49761579664888,3.16921608685747,3.24721715441387,3.07188401224433,2.63801911987502,2.36628993195338,2.41889209858243,1.9677231250912,1.91397525895144,1.86429235321846,1.77455551629165,1.54183537966433,1.73180479227844,1.32302183747437,1.35138133157356,1.29937231917979,1.12080787759215,1.12772370459508,1.45352862182767,1.23156597881824,1.22541069405451,1.03069735324048,1.06078409897753,1.01727304975783,1.24064632726925,1.608009495146,1.13946790233722,1.45022271904661,2.3464234719876,1.77476502808121,1.60743532229307,1.97649703835743,2.1346993255918,2.19642518562289,2.05752906859191,3.17596368117887,3.10009216366564,3.47464395178177,3.67382834326937,4.17529553266439,5.15430744752921,5.05909134408231,5.28643067408585,5.77171191956583,5.97111604917677,6.0399370652898,8.12238725203035,8.2372624428577,10.1020870793996,9.79069081293784,8.04731435451729,9.72071127531567,12.2302122700074,11.3501587734932,7.99020855726621,9.39748415755549,11.8367341125085,9.28497301709764,7.72968539569921
36.5,1.00066355547647,4.41012760356243,4.20878288044466,4.05144426754159,3.9776016898704,4.0541309801634,4.33221798074153,5.03853289050868,5.27142448777771,4.78056349714363,4.40993194279052,4.00046770409371,3.7453059453604,3.84190645775331,3.61194841252418,3.6035965724012,3.72241145201355,3.9936188252106,3.6478252820364,3.46045802979515,3.69552225788748,3.82544146860163,8.95863783513661,11.6787086144581,12.4735628463429,13.0250200580056,13.6260891621737,12.7285978949044,12.4219982729546,11.5390653986455,10.9533740422495,9.03411799507165,7.06355702009511,6.94191326986246,7.53303062008059,6.84248004752746,5.91501849797215,4.52218049290372,3.81539902430283,3.09289866954194,2.5833042974126,2.97243277796338,1.99788279260429,1.92662032952458,1.90207152673614,1.69598625538401,1.37638840745162,1.52846639649183,1.21928799163351,1.16013690104835,1.09293173769153,1.15210046334086,0.856319027176115,1.10131372507888,0.822409135649398,0.799938283188124,0.798342957943507,0.726108438452873,0.571413531787906,0.886880997596479,0.739183462868458,0.769623510347453,0.620213129070698,0.648459834484439,0.629196737869352,0.647542720004805,1.0732959305523,0.813015050552974,0.727231790888126,1.54867609773005,1.35477087967581,1.08465768760219,1.32621242733047,1.49290159015618,1.66329989463676,1.39092126290264,2.21258703998319,2.36195707813191,2.60257242755233,2.79726872522111,3.16070918854639,4.14561565198554,4.28762047476475,4.33379655017235,4.71599330674047,5.0215428849552,4.83244375015756,6.35511146862558,6.76386539834965,8.03364228919289,8.58406793567953,7.02928080156757,7.43408365179801,9.77098010931163,10.2133065999025,7.38234302187305,7.14149695795565,9.67608028479628,8.6704124360011,6.71402133747818
37.5,0.984643120068421,4.33927898750657,4.13989548134805,3.97062400916264,3.8696232794137,3.88874320048582,4.08845899435648,4.61050727856222,5.07322111482847,4.80168258292986,4.37068763454254,4.03051386110223,3.68503377273333,3.6777752865203,3.60373198075076,3.44831588883761,3.58212101120841,3.74721118741843,3.70735119565688,3.35338508882766,3.50687147770678,3.66093852034973,8.04703724349161,11.8086209870028,12.1284249695141,12.5440065558124,12.4688302745875,11.9459643304771,10.9695541678035,10.2828741879937,9.35600163108402,8.0089506549357,6.14755397314053,5.51839651726005,5.79399781309086,5.44973702519643,4.65540814719967,3.63534422631636,2.91262099508895,2.36784919914081,1.92564499137761,2.03272774494917,1.56845786546527,1.35277215767814,1.35134263351616,1.22871499011823,1.0175612449863,1.05242783421051,0.91234961187941,0.822441946909576,0.783039543318116,0.80410130445588,0.651228965869595,0.735799362662906,0.629082942182547,0.562448570978131,0.565548444349318,0.523873490856727,0.425957280545115,0.57675628838001,0.551015594547034,0.535261029582968,0.45982582317262,0.453641929414454,0.455791479884557,0.465194404249993,0.710938778034301,0.658928859871768,0.548656718679629,1.00575352292911,1.09928390039185,0.877569831895002,0.974368324408934,1.14910704868976,1.28622348405571,1.19458703489543,1.57217652242656,1.95579251112788,2.08198373156438,2.3135974126884,2.57254057299934,3.4183811394179,3.82761041201109,3.82635037712321,4.09062307433739,4.39924544458856,4.38189749589069,5.13039377027189,6.03900849785652,6.68433663646424,7.60265952340913,6.75746946854319,6.36784712311756,8.0367179352663,9.09826317866098,7.47919641336517,6.22551920019421,7.88884317306344,8.22786832958198,6.4517419373061
38.5,0.942426724990708,4.15301934269795,3.96129956317097,3.78896380628893,3.66752079574564,3.63812145825363,3.7600061078513,4.11886674966701,4.66070668422605,4.65320163177225,4.24954524678193,3.92031118539889,3.56220604747406,3.44072670209246,3.44409154705174,3.26522154066014,3.32826709447822,3.44196816524794,3.56599817420932,3.23799716364671,3.23305426805394,3.38973466022043,7.13018169390451,11.1300605455495,11.7781995534443,11.7053705990802,11.2116859086812,10.7620465214623,9.53299076544384,8.7938473520395,7.77094355006922,6.76747272159493,5.19077349458243,4.24601458871888,4.2079969584387,4.07825482940132,3.47709558899427,2.76089878978892,2.11076072836292,1.69875216220746,1.34455708252842,1.27073363194797,1.12841243747659,0.886056575612854,0.877044780698986,0.818760809303453,0.696474247999223,0.66341022335198,0.626059656231645,0.539661992175242,0.514485599558685,0.512999933795235,0.455936829460578,0.447548634573562,0.439061775206199,0.367102366475502,0.36597941625886,0.347212967526951,0.293979621994115,0.335937703129765,0.372736712891628,0.34281850668826,0.312992829221429,0.292177250359035,0.30264103844649,0.308123671350397,0.42303835672823,0.485408120792599,0.395078753004457,0.584779194891394,0.807122092940934,0.680149869229915,0.676842547437325,0.821733557416188,0.936244734977263,0.959408406242831,1.06538570563259,1.48665891770362,1.60193356600117,1.81055996307074,2.00418828907587,2.68080723030304,3.22897910255465,3.28529536248075,3.42860453334539,3.70034349655476,3.80891748136152,4.06436526644765,5.03931874807383,5.45139862604671,6.36421550953372,6.17803292539665,5.45015362009954,6.33240922126023,7.6426078136138,7.11515425499978,5.52925854255767,6.17257198954099,7.2267117334464,6.08263635577381
39.5,0.878278929241414,3.8700970772129,3.69072007961283,3.52165831773534,3.38350368008319,3.30622911514274,3.34013343937519,3.52921166585889,4.03118200484968,4.28838362870995,4.02972992961447,3.73297976676097,3.39010643462817,3.15477462812192,3.1685279970152,3.01893349363311,2.99067648522536,3.05633861965264,3.24764939844734,3.06526518534893,2.90793145397261,3.02207341949551,6.07613240715333,9.7877461507804,11.0951350197286,10.6349836335384,9.82204582948991,9.14543702671711,7.89085144878448,6.98045302341053,5.97445625476901,5.20057309638719,4.03586670980472,2.94737102408065,2.60075723112157,2.57930869875027,2.21524503839115,1.79530089075337,1.29489972638153,1.00828468136457,0.763442872356567,0.578191265200429,0.645595111300812,0.450117965593275,0.423693267773679,0.416398116705749,0.373813107596889,0.305810798000392,0.332543757377943,0.270792863664525,0.254971412834696,0.240041467643128,0.251195281464193,0.191366077471861,0.237787656469979,0.183448607317397,0.175640267212219,0.174642127671154,0.159805327955181,0.127251115306963,0.18969877140808,0.163292045268993,0.164432073952428,0.140924263598552,0.152311377173344,0.155855037387841,0.167988178293181,0.28430197606719,0.238297216303728,0.222409261371437,0.468466607309517,0.453891502451625,0.389412984081424,0.479473209260228,0.566763030914937,0.662957877048875,0.600132000928249,0.937028082792237,1.07308319554408,1.23233573435537,1.37467947909684,1.84376205729137,2.42504866960703,2.59331766431495,2.64963611437412,2.85086445106144,3.03745564251347,2.97429436980765,3.74493925132326,4.07099676653528,4.78699504553367,5.18030545961275,4.45227488138411,4.5497152554427,5.73984878285637,6.16277988294774,4.80426222682502,4.46166864013982,5.67353147937225,5.357035779058
40.5,0.876975152060999,3.86420984064686,3.68505421497485,3.51534700160808,3.36699901288021,3.26598829905615,3.25211237061534,3.37193856068444,3.72906859896849,4.09436720438448,4.04090094617231,3.76409106952986,3.46695617474475,3.18095908450064,3.09476025301992,3.02332339697793,2.92586628718063,2.96762104006423,3.09314605504149,3.08160096885063,2.89440308155969,2.91255110444922,5.86747334787681,8.93093161990168,10.9694544228216,10.5668262435212,9.57645486396695,8.55451508580388,7.37423756752102,6.24089609046658,5.28537250172776,4.44183598690896,3.51605269091211,2.55123080293196,2.06616538458004,1.95107621279405,1.71500808556105,1.38310956113751,1.01467344211679,0.757363998507144,0.569784655197573,0.421251669276456,0.432466372741279,0.337299298985817,0.292748215692135,0.286877324128796,0.262396743417515,0.219115372339257,0.223883601312849,0.194834704253541,0.176607483310513,0.166786339152029,0.170619082357073,0.139866489862304,0.156041478912105,0.134014169684847,0.121070261833462,0.11999885220502,0.111711971412868,0.0917980850864401,0.121039030521906,0.116276864328639,0.111798036859407,0.100694976422279,0.104099344781989,0.109186261807982,0.117302994554925,0.183975675456514,0.182538591019786,0.165145274781248,0.298987884406309,0.347263137593187,0.307917235085712,0.347742045737689,0.422615135911058,0.49946913253294,0.49566081736532,0.665260942924717,0.847650725150669,0.97043012471886,1.10773521188014,1.47706262766162,1.9576972211277,2.24803074042242,2.32127951534915,2.45837877588947,2.63251980070913,2.65746394064391,3.04866859264351,3.52266329468508,3.98442903679017,4.47590887787265,4.18739146056412,3.96996648660673,4.70276054678595,5.34358100161721,4.70408368397371,4.02506603196712,4.63978285542937,4.88951568998121
41.5,0.855256290166431,3.76836592269121,3.59361855243332,3.42750054221745,3.27553874269601,3.15637736492588,3.1002915030501,3.14925287892588,3.3700316985045,3.72956399765123,3.86535355506412,3.69663674738446,3.44346754765394,3.16451465171593,2.98767028870471,2.92241785321352,2.82197085555808,2.80559059631795,2.87924029380856,2.95015584113426,2.82544340954461,2.76117194532326,5.49369316462889,8.0406912598567,10.1547264320424,10.2341497845914,9.13406833173476,7.86096229925734,6.66300075040206,5.43426500163398,4.4751297451883,3.63850157867766,2.88530144224227,2.09905400728406,1.57058233820929,1.37168836999075,1.21527529248455,0.982342690666359,0.730823183092241,0.526320113074909,0.388344301478515,0.279553318099709,0.25876921866167,0.223629484921428,0.183250678696958,0.175408775767976,0.163813306163532,0.140524113950429,0.134296927986177,0.124190581954106,0.10974591683177,0.103047490619112,0.102760548461362,0.0908064835275817,0.0909900377402417,0.0862113626409448,0.0750943608766018,0.0731129415135701,0.0693751532993933,0.0592356318919483,0.067743745058875,0.0724165208147252,0.0678055749608253,0.0638650337427832,0.0635658441353443,0.0678772279842564,0.0730933784591694,0.104339357640831,0.122409745059943,0.112720277042923,0.168229218837031,0.231794467833694,0.223459150354238,0.233246081101366,0.28477056780374,0.343135717638792,0.371302529677805,0.441526971171233,0.599378344578762,0.708915254002976,0.82426553174464,1.10225509624221,1.46877322221892,1.79577295271763,1.92416972602881,2.01756815856049,2.15785484596774,2.23831733391213,2.40071077591105,2.81862335163402,3.16577153824601,3.60680200698263,3.65602691255878,3.39685466518716,3.68386548600188,4.30127214275035,4.23446354087282,3.59934576844448,3.67349051126227,4.09219838402131
42.5,0.810870765247563,3.57263841772306,3.40694082278594,3.24898490719202,3.0993493747362,2.96830369563132,2.87513572575282,2.85298979634187,2.93781484788975,3.22197278498448,3.4762380191179,3.46146504663939,3.29844544806808,3.0585777197362,2.84051678698945,2.75059569094444,2.64294036954057,2.58289016349144,2.58892957422421,2.69027466115098,2.64708937132314,2.54968058440704,4.96599316990109,6.98304649149338,8.89821599803531,9.3499487875558,8.41227557814846,6.99874640550176,5.74906032191643,4.50811698883692,3.54705932082279,2.74479651987126,2.1504473467868,1.5652174349307,1.06906571169061,0.817579628799937,0.714049849163735,0.578254011333238,0.439380850317229,0.300836489977933,0.213461909023993,0.145913198383362,0.108360369878009,0.113311746391778,0.0844723970821318,0.0762996330322609,0.0740254798153992,0.067294250292366,0.0559931276325786,0.0584241815578055,0.0494292475940216,0.0457331723199639,0.0429341287366304,0.0442427602465484,0.0353551874412726,0.0411135314026376,0.033710345756857,0.0314579696089045,0.0309758649652676,0.0286732809522722,0.0233967098678623,0.0321134919987422,0.0287452728292974,0.0297932006510359,0.027530712901757,0.0304199842226827,0.032979647196966,0.0372593828143432,0.0625869645173194,0.0610018104958163,0.0599909473079309,0.117640676853293,0.13250291440316,0.125835644297831,0.152302544214967,0.188944255040961,0.23307095682508,0.235851670504215,0.3459965752558,0.432312033780752,0.5220195794082,0.704545051354867,0.946910311264097,1.2517142614223,1.42238874168495,1.4996663937625,1.59948515559882,1.70629434836204,1.71911985701906,2.01390873993765,2.24344473691521,2.59733224737299,2.86524189789318,2.68461354656251,2.64648112920942,3.08753230070351,3.41350649664943,3.00704820127094,2.71835023059525,3.07961105919964
43.5,0.84601163291534,3.72732639941956,3.55445258776137,3.38962416853896,3.23292333756975,3.0892904930258,2.9720323405621,2.90493979038787,2.91954895147179,3.07521971802367,3.30811322704374,3.41201368997007,3.33863874254954,3.16346000980878,2.95670718446559,2.81209779332437,2.71325140571723,2.63163474508303,2.60110412292058,2.6423367872549,2.65993486884749,2.59272812562346,4.9593451181722,6.87402143689164,8.36231128082071,9.00648003516598,8.32529072333593,6.92226246800735,5.49283646137154,4.21828247617135,3.17411496029709,2.37281796069286,1.77600551588998,1.2836055869462,0.870894195752549,0.617043593299058,0.498040000626971,0.401809753073041,0.304418718528896,0.211125179737593,0.144979908423547,0.0973829099684492,0.0704552681473375,0.0673940205459705,0.0546266520553135,0.0469190574201097,0.0447128647230725,0.0412608417136082,0.0351267079631977,0.0347017803293619,0.0308590559235903,0.0279308600214221,0.02612581903375,0.0263352007456727,0.0224072172777833,0.0238569725089342,0.0212100288976531,0.0191715247653509,0.0186360185319491,0.0174991113008242,0.0147520497618544,0.0180501786842725,0.0175712816490129,0.0178021116824165,0.0171110431430526,0.018313566198563,0.0201604010504679,0.0228058371560088,0.0355115836287291,0.0397557559492831,0.0396317802316173,0.066628780883218,0.0861327660966185,0.0877064879989089,0.100026420303757,0.124635141490434,0.155844888499928,0.17090563863384,0.225454284926706,0.298562900881076,0.368640987060042,0.509583357081971,0.687154915376815,0.914741831326142,1.10281271889954,1.20426296346449,1.2843530472992,1.37274093877698,1.41887351408867,1.5631143076494,1.77199871955546,2.01760462680079,2.26842167310007,2.28463309028843,2.21576087943952,2.41003397010049,2.70897638574352,2.63714735673772,2.37692265922728,2.44870731921387
44.5,0.836126342409676,3.68363006063541,3.51278142787796,3.34985891718571,3.19453027846736,3.04706429700461,2.91414930238998,2.80842381747607,2.75332644915103,2.77530759060723,2.9410123273819,3.10330647354342,3.12645299354847,3.05158512762967,2.89204194995919,2.7297392255006,2.63449334844767,2.53157655485596,2.47522732087516,2.45098238690387,2.50168182788185,2.45944657917785,4.67372208019959,6.37960967699156,7.39180815639693,8.06366402973005,7.57983554106144,6.38589084688336,4.92280918553725,3.68614171438724,2.62160890398401,1.86598318299097,1.30245752969028,0.921549196709317,0.613465165869583,0.389119301395804,0.270795452112822,0.212769795669925,0.158644995872165,0.112793509798252,0.0724861043951079,0.0468978831323733,0.0317579080076811,0.0234337616902982,0.0241367174709504,0.0179261064788262,0.0163137811380147,0.0156826730772024,0.0142527540384965,0.0119050132421245,0.0123920174500544,0.0104573883341765,0.00972424896432051,0.00909609231023488,0.00935497137262605,0.00749175287146706,0.00871161707224927,0.00711221472784263,0.00669546644970706,0.0065537197166729,0.00606728767908502,0.00497349884088624,0.00663266936193871,0.00618406847338102,0.00677556400055482,0.00655558917625279,0.00760656466779134,0.0086096164756301,0.010206391553435,0.0178260114649481,0.0181831864434814,0.0191610799427181,0.0385446650390583,0.0450613878668708,0.046113910141441,0.0582880625732217,0.0746244553701985,0.0960597108279344,0.102251341405349,0.154916018284134,0.197146071111218,0.288004145188601,0.391404466329311,0.529719913936581,0.701588140917474,0.808951081419554,0.875145575984975,0.942339113639717,1.00735108457472,1.02451565700567,1.18887004642461,1.30762418956037,1.51759655046458,1.67045561244146,1.60859823066658,1.61468472768369,1.8311874339463,1.99955237309022,1.82307914583104,1.70500557058834
45.5,0.862661749466208,3.8004407182281,3.62417428293192,3.45608413966103,3.29580749685019,3.1432707327585,3.0014649686687,2.87812514219837,2.78841169090231,2.75300502985832,2.81300726088338,2.92736226457596,2.99804598305327,2.98662355666055,2.89750272189911,2.77041743832327,2.66074137947955,2.56662176775892,2.49267688155278,2.44407037534696,2.44441886441548,2.42891649559273,4.64398265337966,6.2864162781229,7.20444125204924,7.55782071133273,7.16880878032408,6.11973323254427,4.74530743744255,3.47606029850876,2.42405790347678,1.65218300293759,1.10787624922274,0.743449533281292,0.484335052474725,0.302233794077514,0.196007942162524,0.141681291393009,0.103414292854326,0.0727759065333909,0.0471781671203231,0.0296858243036037,0.0197422655909234,0.0141941518237716,0.0134899274897403,0.0106744641146501,0.00934091241884347,0.00882863123700955,0.00810681859067515,0.00690739405440395,0.00687742457857006,0.00603409948987495,0.00552008670266386,0.00514544683090827,0.00519047388933349,0.00437555711145851,0.004739665961628,0.00412435859976359,0.00379355642688535,0.00367155932062148,0.00343533042389198,0.00289654507204899,0.00351262768464165,0.00349173875346746,0.00376569032686184,0.00376689651032965,0.00426451838723693,0.00488344711955535,0.00579777680280568,0.00949996968411079,0.0108352968328716,0.0116395957840934,0.0206327296504406,0.0268396561184488,0.0292998131026846,0.0356136624392358,0.0456898014881502,0.0594076146410962,0.0678100463670104,0.0945886806947283,0.125794482643176,0.187413151986221,0.261314788881987,0.356169368170129,0.475799811011378,0.577789484224068,0.648497647624401,0.705844012327379,0.759818171573234,0.791058655783248,0.875829956551901,0.9729737456007,1.10900597893775,1.23918986973509,1.26713271571608,1.26876460688919,1.36728147720781,1.49913387129367,1.47717767466941,1.39565327820459
46.5,0.808574931302945,3.56208279344421,3.39687147732997,3.23932280725171,3.08908238526031,2.9458293060563,2.809556563271,2.68355380859966,2.57452022577502,2.49577737304337,2.46384417276439,2.5176443157816,2.590944324393,2.61893272286146,2.60287344821134,2.528465316948,2.43615993891604,2.36358756356803,2.27916010439584,2.22016108924684,2.1775665952051,2.17747515769288,4.16163673902234,5.6159144233352,6.38359221369257,6.45479108017698,6.15524344951581,5.25578754227006,4.11389308955377,2.96376581474763,2.03293428899892,1.32036356232779,0.844269690554503,0.526703782765018,0.331148072979628,0.199695967774262,0.116235564609397,0.0723190497665259,0.05010719883519,0.0340209537698745,0.0224395190324572,0.0131942508399711,0.0084478934307892,0.00565337974641981,0.00411735837335372,0.00410862341187091,0.00307960087906986,0.00278970883926993,0.00265657694932651,0.00241604520985049,0.00203237343609118,0.00209237446983324,0.00177704294779374,0.00165182378161297,0.00154103012095116,0.00157514825547246,0.00127726968978289,0.00146287013802149,0.00120722042327204,0.00113711681454491,0.00110694861280126,0.0010264197850966,0.00083116259523205,0.00113269906039578,0.00111573886718326,0.00128341620767145,0.00131107813498664,0.00158740506367554,0.00188249281683005,0.00233918113530334,0.00419710970798203,0.00458337335629728,0.00515829703768741,0.0104367019195834,0.0129535532272652,0.0143280878090591,0.0188256774072366,0.0249439126017199,0.0334422867587589,0.0378641273582224,0.0579406126225389,0.0880177332972508,0.130449684601992,0.180005515793039,0.245661271163416,0.327391062018749,0.387304905037757,0.432092943833391,0.473355325597734,0.510394169446479,0.527709473007506,0.601402728024009,0.657712103173673,0.756759307530797,0.835925686056946,0.832882063254752,0.849890275365219,0.938884863396574,1.01452004772268,0.965210440836415
47.5,0.696718629848472,3.06927934548984,2.92692451838591,2.79117220697676,2.66171659052118,2.53827298801647,2.42069198127297,2.31020278949684,2.21017397741152,2.12782162949039,2.07374682623562,2.06922199960021,2.09997175960171,2.13161756867536,2.14330369013912,2.11845505687321,2.0669668329659,2.00688210105899,1.94013388707043,1.88237449557974,1.83485733940081,1.81175467473327,3.47389684699573,4.69515108609706,5.32349820215751,5.35120414301067,4.98065816379456,4.24887049001396,3.34131901204883,2.42020256390206,1.6431017056013,1.0542841517511,0.652201252508016,0.393456946756219,0.236077884084786,0.138547894450733,0.0789336276585914,0.0462976195731167,0.0296095561152397,0.0194048055886285,0.0125649652435933,0.00741309358856623,0.00463755442090042,0.00304783314556351,0.00216324353010604,0.00200485435780729,0.0015725696687793,0.00138197851076472,0.00129485822751499,0.00118501940219803,0.00101416004028397,0.0010070250864176,0.000881380916885416,0.000809692079365782,0.000752896096816568,0.000756345134185665,0.000639506008891106,0.000691816018269342,0.000600201235366983,0.000556335575643122,0.000536302337059574,0.000501054779006639,0.000415807640560794,0.000523280424522929,0.000541033093600794,0.000615876981373864,0.000647395828645691,0.000769484662932163,0.000920724447949902,0.00114591230438,0.00194645174349373,0.00232460055748974,0.00267976491795508,0.00488873671398261,0.00658306943325744,0.00772697895973078,0.00993795445558022,0.0131869705364578,0.0178163421507005,0.0213847168148501,0.030801052103845,0.0483137777232005,0.0728429423752114,0.103120270638703,0.142177838486242,0.191513149657643,0.236524435599268,0.273540032429922,0.305082263489007,0.332789585304661,0.351257457784768,0.387675462991391,0.425622970928332,0.481557218620431,0.536945300666136,0.559561515391501,0.575420074064068,0.615513173486228,0.663581501035956,0.665335042984343
48.5,0.497094861541917,2.18984981350749,2.0882834011692,1.99142769367086,1.89906422640643,1.81098501186812,1.72699794168394,1.64702910790595,1.57221868406065,1.50512995063368,1.45125270460579,1.41807053743984,1.422350192401,1.4443352704425,1.46267915766495,1.46955832649845,1.45106250342549,1.41238195888761,1.37079942333539,1.32339158740735,1.28449680455604,1.25414098414994,2.41456876931251,3.25257661902142,3.68616616433598,3.6919905572885,3.36041193375612,2.87166049286859,2.2521559497053,1.64077016968246,1.1044978111119,0.703510736269039,0.420002979102414,0.245245988617148,0.139194244532551,0.0792134826891973,0.0436567471101389,0.0234675962509732,0.0131829075079743,0.0081192136561114,0.00501533411870459,0.00298657111448175,0.00175675200582628,0.00111366349840296,0.000736050558323496,0.000528360436046238,0.000508478380921811,0.000385058792527677,0.000346587182766448,0.000326668731068455,0.000297422498817998,0.000252009028446716,0.000256263922119413,0.000219338079386344,0.000203684524210812,0.000189473845893735,0.000192330977244439,0.000158172797409314,0.000177971941923465,0.000148796177388193,0.000140169534464321,0.000135611445018117,0.000123329560451917,0.000105724266806561,0.000146632957152135,0.000152865877289732,0.000184467799648554,0.000199210191085981,0.000251609131615194,0.000312562287869185,0.000407071084539565,0.000747527375937014,0.000877197775840861,0.00105492071933965,0.00213704605334134,0.00282493539974035,0.00337540726855164,0.00460690011046023,0.00632668647984954,0.0087938170890613,0.0105482645952417,0.0188245979546571,0.0287561384741669,0.0432112199970758,0.0604764468424911,0.0835188121165857,0.111898424814818,0.135709284417243,0.155630184860963,0.173458809867638,0.188831169399631,0.197506202643291,0.221630534223492,0.241415570862589,0.275294151323915,0.304555658230767,0.313042455288749,0.323172344329027,0.351042913190683,0.375627015570321
49.5,0.290092504093832,1.27793577905897,1.21866443018511,1.1621421183559,1.10824134175443,1.05684052699289,1.00782398670959,0.961085876822408,0.916603755337624,0.87522012398331,0.838641814252123,0.810499780454835,0.795543015705293,0.804741882031563,0.821431465704489,0.832358637422698,0.835736499834939,0.817138776920435,0.790777191627198,0.76776544025312,0.73862737487263,0.719669925047187,1.36850260788227,1.86281810220941,2.10335320464573,2.10183439774872,1.90697955206467,1.58145566427418,1.26262545892555,0.916071587049885,0.620646032979894,0.39028457084886,0.2305643844002,0.129811540718059,0.0716393828006834,0.0386050515022329,0.0208855240238632,0.0109278814996058,0.00554991926960153,0.00299303932091705,0.00177052218125989,0.0010127161474947,0.000608805273770151,0.000358073526551396,0.000228675574895753,0.000151932283466531,0.00010988997848092,0.000108396043498948,8.0606336611541e-05,7.35451490721575e-05,6.96689845031833e-05,6.31442523349465e-05,5.32958720909738e-05,5.48750463848164e-05,4.64112760108191e-05,4.33286861925702e-05,4.03605765125032e-05,4.11559581518063e-05,3.33716643135845e-05,3.83310283785166e-05,3.14472451175103e-05,2.9833839460295e-05,2.83557541822666e-05,2.68940017511486e-05,2.39921666841952e-05,3.58001034275929e-05,3.83391376554913e-05,4.87202793925184e-05,5.46036420155801e-05,7.25830826551173e-05,9.40388573808354e-05,0.000127948081653246,0.000250173680809622,0.000296650443365304,0.000371472906567992,0.000812608523631557,0.00108033499203338,0.00132436193368305,0.00190179935965456,0.0026766270770509,0.00382686626185175,0.00536530303190459,0.00978616619618527,0.0147259920080767,0.0220033205661775,0.0307473947211587,0.0420830190999455,0.0563050285453386,0.0671898153703036,0.0764251093628689,0.0846534641148679,0.0912902645759086,0.094954868680918,0.107853467177638,0.116884448623287,0.134127555685445,0.14864571293642,0.149662378284372,0.155469474043303,0.169395106983272
